----------------------------------------------

Calling setFixedConfig(3)
['Orientation', 4, [{'rate': 100, 'sensor': 1}, {'rate': 80, 'sensor': 2}, {'rate': 95, 'sensor': 3}, {'rate': 100, 'sensor': 12}]]

New packet configuration 
[4, 1, 12, 2, 12, 3, 12, 12, 4]
New sensor configuration 
[[1, 12], [2, 12], [3, 12], [12, 4]]

First two data records
[53, 1, 10, 1, 4, 129, 12, 0, 72, 254, 196, 31, 200, 0, 68, 254, 212, 31, 192, 130, 12, 250, 97, 4, 128, 7, 167, 250, 105, 4, 129, 7, 169, 131, 12, 241, 160, 3, 66, 255, 180, 241, 89, 3, 84, 255, 176, 140, 4, 7, 255, 8, 0, 49]

[53, 1, 11, 0, 4, 129, 12, 0, 72, 254, 196, 31, 200, 0, 68, 254, 212, 31, 192, 130, 12, 250, 97, 4, 128, 7, 167, 250, 105, 4, 129, 7, 169, 131, 12, 241, 160, 3, 66, 255, 180, 241, 89, 3, 84, 255, 176, 140, 4, 7, 255, 8, 0, 45]

----------------------------------------------

Calling setFixedConfig(38)
['Kitchen Sink', 11, [{'rate': 80, 'sensor': 2}, {'rate': 100, 'sensor': 1}, {'rate': 100, 'sensor': 9}, {'rate': 100, 'sensor': 8}, {'rate': 95, 'sensor': 3}, {'rate': 100, 'sensor': 7}, {'rate': 100, 'sensor': 11}, {'rate': 100, 'sensor': 12}, {'rate': 100, 'sensor': 21}, {'rate': 100, 'sensor': 13}, {'rate': 100, 'sensor': 4}]]

New packet configuration 
[11, 2, 12, 1, 12, 9, 8, 8, 4, 3, 12, 7, 4, 11, 4, 12, 4, 21, 4, 13, 2, 4, 16]
New sensor configuration 
[[2, 12], [1, 12], [9, 8], [8, 4], [3, 12], [7, 4], [11, 4], [12, 4], [21, 4], [13, 2], [4, 16]]

First two data records
[109, 1, 10, 1, 11, 130, 12, 250, 188, 4, 142, 7, 159, 250, 196, 4, 141, 7, 160, 129, 12, 0, 104, 255, 224, 31, 208, 0, 116, 255, 236, 31, 200, 137, 8, 0, 0, 0, 0, 0, 0, 0, 0, 136, 4, 7, 241, 7, 241, 131, 12, 241, 160, 3, 67, 255, 179, 241, 88, 3, 89, 255, 180, 135, 4, 0, 37, 0, 37, 139, 4, 8, 47, 8, 46, 140, 4, 8, 0, 7, 255, 149, 4, 7, 167, 7, 176, 141, 2, 192, 192, 132, 16, 98, 64, 129, 128, 98, 0, 129, 64, 98, 0, 129, 64, 98, 0, 129, 0, 51]

[109, 1, 11, 0, 11, 130, 12, 250, 188, 4, 142, 7, 159, 250, 196, 4, 141, 7, 160, 129, 12, 0, 104, 255, 224, 31, 208, 0, 116, 255, 236, 31, 200, 137, 8, 0, 0, 0, 0, 0, 0, 0, 0, 136, 4, 7, 241, 7, 241, 131, 12, 241, 160, 3, 67, 255, 179, 241, 88, 3, 89, 255, 180, 135, 4, 0, 37, 0, 37, 139, 4, 8, 47, 8, 46, 140, 4, 8, 0, 7, 255, 149, 4, 7, 167, 7, 176, 141, 2, 192, 192, 132, 16, 98, 64, 129, 128, 98, 0, 129, 64, 98, 0, 129, 64, 98, 0, 129, 0, 50]
